Final Test Accuracy: 0.9583

              precision    recall  f1-score   support

           0      1.000     1.000     1.000        36
           1      0.938     0.833     0.882        36
           2      0.972     1.000     0.986        35
           3      0.973     0.973     0.973        37
           4      0.947     1.000     0.973        36
           5      0.974     1.000     0.987        37
           6      1.000     0.944     0.971        36
           7      0.946     0.972     0.959        36
           8      0.865     0.914     0.889        35
           9      0.971     0.944     0.958        36

    accuracy                          0.958       360
   macro avg      0.959     0.958     0.958       360
weighted avg      0.959     0.958     0.958       360
